 ---------------------------------------------------------------
 Vortex Lattice Output -- Total Forces

 Configuration: 737-800 raised tail                                         
     # Surfaces =  11
     # Strips   = 137
     # Vortices =1505

  Sref =  1260.0       Cref =  11.000       Bref =  113.00    
  Xref =  60.000       Yref =  0.0000       Zref =  0.0000    

 Standard axis orientation,  X fwd, Z down         

 Run case:  -unnamed-                              

  Alpha =   0.00000     pb/2V =  -0.00000     p'b/2V =  -0.00000
  Beta  =   0.00000     qc/2V =   0.00000
  Mach  =     0.000     rb/2V =  -0.00000     r'b/2V =  -0.00000

  CXtot =  -0.00226     Cltot =  -0.00000     Cl'tot =  -0.00000
  CYtot =   0.00000     Cmtot =  -0.00347
  CZtot =  -0.22872     Cntot =  -0.00000     Cn'tot =  -0.00000

  CLtot =   0.22872
  CDtot =   0.00226
  CDvis =   0.00000     CDind =   0.00226
  CLff  =   0.22876     CDff  =   0.00210    | Trefftz
  CYff  =   0.00000         e =    0.7817    | Plane  

   slat            =   0.00000
   flap            =   0.00000
   aileron         =   0.00000
   elevator        =   0.00000
   rudder          =   0.00000

 ---------------------------------------------------------------
